1.圻兵議C-value  
2.log|a+5| 

(汽了 %)
                 念10                    念30                    念50                   念100                   念200                   念400       
！！！！！！！！！！！！！！！！！！！！！！！！！！！！！+！！！！！！！！！！！！！！！！！！！！！！！+！！！！！！！！！！！！！！！！！！！！！！！+！！！！！！！！！！！！！！！！！！！！！！！+！！！！！！！！！！！！！！！！！！！！！！！+！！！！！！！！！！！！！！！！！！！！！！！+
           娼     孰     嵎  |     娼     孰     嵎  |     娼     孰     嵎  |     娼     孰     嵎  |     娼     孰     嵎  |     娼     孰    嵎   | 
！！！！！！！！！！！！！！！！！！！！！！！！！！！！！+！！！！！！！！！！！！！！！！！！！！！！！+！！！！！！！！！！！！！！！！！！！！！！！+！！！！！！！！！！！！！！！！！！！！！！！+！！！！！！！！！！！！！！！！！！！！！！！+！！！！！！！！！！！！！！！！！！！！！！！+
C:       90.0    2.2   76.4  |   70.0    5.1   79.1  |   56.0    6.7   80.0  |   48.0   11.6   80.9  |   44.0   21.2   59.9  |   41.2   39.8   59.9  |  
！！！！！！！！！！！！！！！！！！！！！！！！！！！！！+！！！！！！！！！！！！！！！！！！！！！！！+！！！！！！！！！！！！！！！！！！！！！！！+！！！！！！！！！！！！！！！！！！！！！！！+！！！！！！！！！！！！！！！！！！！！！！！+！！！！！！！！！！！！！！！！！！！！！！！+
CL:      40.0    1.0    0.0  |   53.3    3.9   48.1  |   54.0    6.5   50.9  |   56.0   13.5   54.5  |   48.5   23.4   45.9  |   39.8   38.3   46.3  |  
！！！！！！！！！！！！！！！！！！！！！！！！！！！！！+！！！！！！！！！！！！！！！！！！！！！！！+！！！！！！！！！！！！！！！！！！！！！！！+！！！！！！！！！！！！！！！！！！！！！！！+！！！！！！！！！！！！！！！！！！！！！！！+！！！！！！！！！！！！！！！！！！！！！！！+
CF:     100.0    2.4   83.6  |   70.0    5.1   79.6  |   60.0    7.2   81.1  |   50.0   12.0   82.2  |   48.5   23.4   61.4  |   41.0   39.5   61.1  |  
！！！！！！！！！！！！！！！！！！！！！！！！！！！！！+！！！！！！！！！！！！！！！！！！！！！！！+！！！！！！！！！！！！！！！！！！！！！！！+！！！！！！！！！！！！！！！！！！！！！！！+！！！！！！！！！！！！！！！！！！！！！！！+！！！！！！！！！！！！！！！！！！！！！！！+
CG:      90.0    2.2   73.9  |   63.3    4.6   75.9  |   54.0    6.5   78.8  |   48.0   11.6   80.0  |   42.0   20.2   59.0  |   39.0   37.6   59.2  |  
！！！！！！！！！！！！！！！！！！！！！！！！！！！！！+！！！！！！！！！！！！！！！！！！！！！！！+！！！！！！！！！！！！！！！！！！！！！！！+！！！！！！！！！！！！！！！！！！！！！！！+！！！！！！！！！！！！！！！！！！！！！！！+！！！！！！！！！！！！！！！！！！！！！！！+
CLG:     70.0    1.7   58.4  |   70.0    5.1   68.6  |   60.0    7.2   69.0  |   55.0   13.3   70.5  |   49.0   23.6   51.9  |   41.2   39.8   52.0  |  
！！！！！！！！！！！！！！！！！！！！！！！！！！！！！+！！！！！！！！！！！！！！！！！！！！！！！+！！！！！！！！！！！！！！！！！！！！！！！+！！！！！！！！！！！！！！！！！！！！！！！+！！！！！！！！！！！！！！！！！！！！！！！+！！！！！！！！！！！！！！！！！！！！！！！+
CFG:    100.0    2.4   80.1  |   70.0    5.1   79.2  |   60.0    7.2   79.9  |   50.0   12.0   81.5  |   47.5   22.9   60.8  |   41.0   39.5   60.6  |  
！！！！！！！！！！！！！！！！！！！！！！！！！！！！！+！！！！！！！！！！！！！！！！！！！！！！！+！！！！！！！！！！！！！！！！！！！！！！！+！！！！！！！！！！！！！！！！！！！！！！！+！！！！！！！！！！！！！！！！！！！！！！！+！！！！！！！！！！！！！！！！！！！！！！！+
CLGS:    90.0    2.2   56.3  |   73.3    5.3   57.8  |   70.0    8.4   59.8  |   68.0   16.4   61.8  |   61.5   29.6   53.5  |   46.0   44.3   53.8  |  
！！！！！！！！！！！！！！！！！！！！！！！！！！！！！+！！！！！！！！！！！！！！！！！！！！！！！+！！！！！！！！！！！！！！！！！！！！！！！+！！！！！！！！！！！！！！！！！！！！！！！+！！！！！！！！！！！！！！！！！！！！！！！+！！！！！！！！！！！！！！！！！！！！！！！+
CFGS:    90.0    2.2   49.8  |   83.3    6.0   58.6  |   70.0    8.4   59.3  |   68.0   16.4   60.4  |   57.5   27.7   52.9  |   44.2   42.7   53.3  |  
